M: 11.966332230125229
S_f: 5.387855530002024
S_i: 5.593283989954666
Wif: 0.37767968578912237
WifBand: 143
Wif_Allband:
  143: 0.37767968578912237
dErelf: 0.5309932756263152
dEreli: 0.5740279424153414
dQ: 0.6630451881664468
diffEigQ0: 2.01228173875812
filename_Cp_tilde: cp_T.txt
filename_Q_etot: tot_Q.png
filename_Q_etot_f: tot_Q_f.txt
filename_Q_etot_i: tot_Q_i.txt
filename_eigvals_f-down: occ-f-down.txt
filename_eigvals_f-up: occ-f-up.txt
filename_eigvals_i-down: occ-i-down.txt
filename_eigvals_i-up: occ-i-up.txt
filename_lifetime: lifetime_T.txt
filename_overlap: overlap.txt
filename_phonon_part: phonon_part.txt
hbarFreqf: 102.45956540152434
hbarFreqf_error: 13.817926163714716
hbarFreqf_order:
- hbarfreq: 0.10245956540152434
  order: 2
  r_squared: 0.9999999648212555
- hbarfreq: 0.10267902726494561
  order: 3
  r_squared: 1.0
- hbarfreq: 0.0888611011012309
  order: 4
  r_squared: 1.0
hbarFreqi: 106.36614949804414
hbarFreqi_error: 4725.554767860424
hbarFreqi_order:
- hbarfreq: 0.10636614949804414
  order: 2
  r_squared: 0.9999981125257714
- hbarfreq: 0.08260695020374216
  order: 3
  r_squared: 1.0
- hbarfreq: 4.8081617180641665
  order: 4
  r_squared: 1.0
order_x: 1
phonon_part_T0_HR: 5.85641772738351
unit:
  M: aMU
  dQ: aMU^1/2 Ang
  hbarFreqf: meV
  hbarFreqf_error: meV
  hbarFreqi: meV
  hbarFreqi_error: meV
